fFocusLength=31
pd=60
pe=85.7
pm=65.2
positionX=-54.4151
positionY=-17.5386
positionZ=345.858
eulerX=0.062072
eulerY=0.566072
eulerZ=0.060614
