fFocusLength=31
pd=60
pe=85.7
pm=65.2
positionX=-49.1687
positionY=-17.1567
positionZ=345.858
eulerX=0.06594
eulerY=0.485886
eulerZ=0.04879
