fFocusLength=31
pd=60
pe=85.7
pm=65.2
positionX=18.8161
positionY=-21.1822
positionZ=345.858
eulerX=0.048591
eulerY=-0.161166
eulerZ=-0.002814
