fFocusLength=31
pd=60
pe=85.7
pm=65.2
positionX=27.3943
positionY=-20.5908
positionZ=345.858
eulerX=0.054228
eulerY=-0.254618
eulerZ=-0.030733
