fFocusLength=31
pd=60
pe=85.7
pm=65.2
positionX=36.3952
positionY=-21.4026
positionZ=345.858
eulerX=0.042859
eulerY=-0.396215
eulerZ=-0.036279
