fFocusLength=31
pd=60
pe=85.7
pm=65.2
positionX=45.652
positionY=-21.8895
positionZ=345.858
eulerX=0.058295
eulerY=-0.511448
eulerZ=-0.058083
