fFocusLength=31
pd=60
pe=85.7
pm=65.2
positionX=53.5302
positionY=-21.8443
positionZ=345.858
eulerX=0.063653
eulerY=-0.577122
eulerZ=-0.073815
