fFocusLength=31
pd=60
pe=85.7
pm=65.2
positionX=-41.6629
positionY=-17.8017
positionZ=345.858
eulerX=0.063846
eulerY=0.411685
eulerZ=0.049548
