fFocusLength=31
pd=60
pe=85.7
pm=65.2
positionX=-33.7329
positionY=-18.4844
positionZ=345.858
eulerX=0.066595
eulerY=0.337664
eulerZ=0.044733
