fFocusLength=31
pd=60
pe=85.7
pm=65.2
positionX=-26.711
positionY=-18.9207
positionZ=345.858
eulerX=0.059104
eulerY=0.25676
eulerZ=0.024526
