fFocusLength=31
pd=60
pe=85.7
pm=65.2
positionX=-15.9769
positionY=-19.5772
positionZ=345.858
eulerX=0.04612
eulerY=0.13209
eulerZ=0.023142
