fFocusLength=31
pd=60
pe=85.7
pm=65.2
positionX=-4.51217
positionY=-19.1635
positionZ=345.858
eulerX=0.049179
eulerY=0.063137
eulerZ=0.021524
