fFocusLength=31
pd=60
pe=85.7
pm=65.2
positionX=3.37737
positionY=-17.7752
positionZ=345.858
eulerX=0.069306
eulerY=-0.019966
eulerZ=0.017945
