fFocusLength=31
pd=60
pe=85.7
pm=65.2
positionX=4.766
positionY=-18.0275
positionZ=345.858
eulerX=0.069965
eulerY=-0.014207
eulerZ=0.019229
