fFocusLength=31
pd=60
pe=85.7
pm=65.2
positionX=14.1321
positionY=-19.4404
positionZ=345.858
eulerX=0.053294
eulerY=-0.085863
eulerZ=0.008302
